,"(0, 0)","(0, 1)","(0, 2)","(0, 3)","(0, 4)","(0, 5)","(0, 6)","(0, 7)","(0, 8)","(0, 9)","(10, 0)","(10, 1)","(10, 2)","(10, 3)","(10, 4)","(10, 5)","(10, 6)","(10, 7)","(10, 8)","(10, 9)","(20, 0)","(20, 1)","(20, 2)","(20, 3)","(20, 4)","(20, 5)","(20, 6)","(20, 7)","(20, 8)","(20, 9)","(30, 0)","(30, 1)","(30, 2)","(30, 3)","(30, 4)","(30, 5)","(30, 6)","(30, 7)","(30, 8)","(30, 9)","(40, 0)","(40, 1)","(40, 2)","(40, 3)","(40, 4)","(40, 5)","(40, 6)","(40, 7)","(40, 8)","(40, 9)","(50, 0)","(50, 1)","(50, 2)","(50, 3)","(50, 4)","(50, 5)","(50, 6)","(50, 7)","(50, 8)","(50, 9)","(60, 0)","(60, 1)","(60, 2)","(60, 3)","(60, 4)","(60, 5)","(60, 6)","(60, 7)","(60, 8)","(60, 9)","(70, 0)","(70, 1)","(70, 2)","(70, 3)","(70, 4)","(70, 5)","(70, 6)","(70, 7)","(70, 8)","(70, 9)","(80, 0)","(80, 1)","(80, 2)","(80, 3)","(80, 4)","(80, 5)","(80, 6)","(80, 7)","(80, 8)","(80, 9)","(90, 0)","(90, 1)","(90, 2)","(90, 3)","(90, 4)","(90, 5)","(90, 6)","(90, 7)","(90, 8)","(90, 9)","(100, 0)","(100, 1)","(100, 2)","(100, 3)","(100, 4)","(100, 5)","(100, 6)","(100, 7)","(100, 8)","(100, 9)"
0,[1.09072457e+05 7.55406200e-01 1.05961889e-02 9.49623627e-02],[1.08286350e+05 7.53010565e-01 1.06898944e-02 9.38372236e-02],[1.08212850e+05 7.52927809e-01 1.06886377e-02 9.39254870e-02],[1.10226890e+05 7.55032696e-01 1.04888207e-02 9.69115863e-02],[1.08275943e+05 7.52999486e-01 1.06899160e-02 9.38383083e-02],[1.08263929e+05 7.52980540e-01 1.06925525e-02 9.38489522e-02],[1.09570668e+05 7.56493483e-01 1.05570879e-02 9.57925018e-02],[1.08271137e+05 7.52939144e-01 1.06911103e-02 9.38577205e-02],[1.08269012e+05 7.53066956e-01 1.06911667e-02 9.38481076e-02],[1.08936700e+05 7.55834888e-01 1.06211619e-02 9.47687005e-02],[0.13704035 1.65996107 1.26206083 6.5480922 ],[0.14145712 1.68065403 1.28110954 6.45842322],[0.14257551 1.69673634 1.27775213 6.46194099],[0.14202071 1.68499087 1.27659904 6.54985769],[0.14118364 1.72164622 1.2625895  6.54924434],[5.66652524 1.66585693 0.11885284 0.98274976],[4.81912074 0.11166317 1.63796129 1.17728913],[0.14011063 1.68224892 1.2811691  6.50511628],[0.1419855  1.67418752 1.27260184 6.50940173],[4.78300028 0.11554538 1.55424202 1.1532629 ],[2.86772034 0.1045739  0.98378626 0.75626467],[2.97022409 0.10769284 0.9759633  0.73539282],[2.92214352 0.10367213 1.13127591 0.92754098],[2.93246015 0.99378297 0.12207549 0.39441224],[2.88980199 0.10560639 1.06797745 0.85475576],[0.8364043  0.1019984  0.30698219 2.86691885],[2.92344743 0.10640538 1.05059994 0.80710445],[0.82202673 0.11633516 0.31636886 2.99002283],[2.88071354 0.59563145 0.08818442 0.29694158],[3.2647473  1.06945379 0.10761048 0.58303766],[0.50423235 0.09457835 0.27470382 2.47037254],[0.50463756 0.09412193 0.26639301 2.47699474],[2.50879371 0.48424287 0.09476578 0.27112537],[2.46695262 0.51435087 0.10076241 0.26998311],[0.50168914 0.10420407 0.26484785 2.43508572],[0.50875055 0.09363483 0.27101301 2.45157085],[2.43897193 0.49610632 0.09361512 0.26932216],[0.50715681 0.09729594 0.26290747 2.46463084],[2.31462695 0.44629774 0.07992597 0.2489016 ],[0.49480421 0.09355588 0.27097228 2.4386137 ],[0.47062461 0.2628012  0.10174087 2.11881663],[0.47680658 2.0832463  0.25300001 0.09848447],[0.47367749 2.11067624 0.10505285 0.25792885],[0.45725207 2.07941647 0.10183036 0.26104821],[0.46757012 2.11426575 0.25597992 0.09973045],[0.46744903 0.10591663 0.26874548 2.09429897],[0.45649366 2.06352733 0.09890952 0.2592085 ],[0.45685533 2.08476087 0.09899909 0.25727623],[0.46095701 2.09503442 0.26178721 0.10018444],[1.8926553  0.39292958 0.07167534 0.21977892],[0.44594564 1.82768226 0.10725025 0.24968922],[0.4636476  1.8431041  0.24598319 0.10374594],[0.4592824  1.81015067 0.25000026 0.10400911],[0.45604776 0.25649988 0.10464423 1.83197725],[1.81150669 0.4433295  0.09963991 0.25187262],[0.44098661 1.83525634 0.253578   0.10352302],[0.46137215 1.80154796 0.10728832 0.24856728],[0.44760824 1.83885616 0.25034104 0.10863273],[0.44448985 0.25597925 0.11152012 1.79327947],[0.48351571 1.75827384 0.23638516 0.10687758],[0.4448376  1.55168664 0.26780229 0.11869459],[0.45618521 1.13245128 0.11525986 0.26685059],[0.43875653 1.58637881 0.10303516 0.27395691],[0.44756079 1.55360116 0.25127075 0.10315253],[0.47154679 0.90059766 0.32133247 0.13179276],[0.46052074 0.94384459 0.11544777 0.32055742],[0.44333489 1.56009214 0.10602435 0.25270013],[0.44183113 1.5995677  0.10394318 0.24977389],[0.4516632  1.52461882 0.10482159 0.24637542],[0.44175695 0.81092856 0.30816705 0.11321542],[0.10274911 0.38736673 0.30195387 0.58087268],[0.45597274 0.93104947 0.28465254 0.10002268],[0.40367393 0.10448869 0.72500236 0.29019388],[0.4304718  0.7217548  0.30976573 0.10659331],[0.39771383 0.1153203  0.28893991 0.62622048],[0.41041341 0.67853645 0.1258526  0.29830772],[0.83763117 0.42052579 0.12542701 0.28217456],[0.41289342 0.66483722 0.29007233 0.1079176 ],[0.44150523 0.7971336  0.11569802 0.29044302],[0.45774284 0.81808145 0.29016578 0.11549592],[0.39166321 0.10116044 0.28094607 0.6823264 ],[0.4096248  0.66039628 0.28617381 0.10510907],[0.41242518 0.61326036 0.30670775 0.10302677],[0.43157035 0.63044437 0.11891304 0.28177076],[0.364977   0.61590323 0.24838139 0.10035032],[0.38592397 0.09969067 0.58296259 0.27489384],[0.40258668 0.60966238 0.28938084 0.1040553 ],[0.39148096 0.56366013 0.09014495 0.27108416],[0.3998359  0.09059853 0.26497212 0.62696038],[0.38862603 0.57902941 0.26972298 0.09912351],[0.37973842 0.5214041  0.08775288 0.2696064 ],[0.37180796 0.09305584 0.27517647 0.5800194 ],[0.37844826 0.58904509 0.27283196 0.0970168 ],[0.38178311 0.56184086 0.28705994 0.09579836],[0.35039845 0.55986357 0.09796722 0.25954893],[0.36870865 0.57477945 0.09298674 0.27361291],[0.37432062 0.5659968  0.09468629 0.2701226 ],[0.37159909 0.09470753 0.26435358 0.58877726],[0.36684446 0.59207707 0.27747393 0.09495103],[0.38659097 0.54078667 0.09234604 0.2846854 ],[0.36475698 0.08992289 0.5275998  0.27947368],[0.37101501 0.54191794 0.25816378 0.09394888],[0.34316249 0.53002007 0.2583753  0.09535153],[0.37221885 0.53523483 0.26173458 0.09843472],[0.37165211 0.08489918 0.5253007  0.26962128],[0.38410507 0.54645129 0.25625333 0.09438781],[0.35963176 0.54734126 0.08797903 0.27632136],[0.33067693 0.56284674 0.08917618 0.26959377],[0.39058124 0.50380444 0.10369793 0.24552482],[0.36468478 0.53020057 0.08969861 0.27476138]
1,"[[ 6.18175622e-05  9.89482774e-01 -1.43290260e-01  1.97923622e-02]
 [-9.99999899e-01  6.15062120e-05  5.43264512e-05  4.41719381e-04]
 [-4.44232491e-04  7.75650785e-03 -8.40726162e-02 -9.96429342e-01]
 [ 2.62006149e-05  1.44442628e-01  9.86103288e-01 -8.20769934e-02]]","[[ 2.24259633e-04  9.89525794e-01 -1.43105643e-01  1.89585612e-02]
 [-9.99999882e-01  2.27627869e-04  6.31742328e-05  4.24955648e-04]
 [-4.26982099e-04  7.38731398e-03 -8.09609080e-02 -9.96689810e-01]
 [ 6.15356591e-05  1.44166842e-01  9.86390441e-01 -7.90557760e-02]]","[[ 2.23709382e-04  9.89522570e-01 -1.43117766e-01  1.90351768e-02]
 [-9.99999881e-01  2.27015513e-04  6.31524547e-05  4.26085860e-04]
 [-4.28092473e-04  7.46660519e-03 -8.09397045e-02 -9.96690940e-01]
 [ 6.13545658e-05  1.44184886e-01  9.86390422e-01 -7.90230961e-02]]","[[ 1.64860843e-04 -9.89441845e-01 -1.43308236e-01  2.16230712e-02]
 [ 9.99999878e-01  1.70712287e-04  4.12849614e-05  4.60874995e-04]
 [ 4.64230037e-04 -8.95223866e-03 -8.84778205e-02 -9.96037809e-01]
 [ 2.37543485e-05 -1.44653597e-01  9.85715184e-01 -8.62607280e-02]]","[[ 2.23959572e-04  9.89525111e-01 -1.43108859e-01  1.89699506e-02]
 [-9.99999882e-01  2.27314912e-04  6.31283459e-05  4.24880260e-04]
 [-4.26903859e-04  7.39644767e-03 -8.09751277e-02 -9.96688587e-01]
 [ 6.14467056e-05  1.44171063e-01  9.86388807e-01 -7.90684605e-02]]","[[ 2.24739795e-04  9.89522809e-01 -1.43121218e-01  1.89967415e-02]
 [-9.99999882e-01  2.28094300e-04  6.31248867e-05  4.24797409e-04]
 [-4.26807064e-04  7.42750289e-03 -8.09404581e-02 -9.96691172e-01]
 [ 6.15820941e-05  1.44185263e-01  9.86389860e-01 -7.90294318e-02]]","[[ 3.35798852e-05 -9.89458139e-01 -1.43359402e-01  2.05102915e-02]
 [ 9.99999897e-01  3.61760403e-05  4.90276304e-05  4.50669735e-04]
 [ 4.53496995e-04 -8.20712659e-03 -8.58902779e-02 -9.96270695e-01]
 [-5.33771674e-06 -1.44586421e-01  9.85936580e-01 -8.38082768e-02]]","[[ 2.24412256e-04  9.89528129e-01 -1.43092237e-01  1.89378983e-02]
 [-9.99999882e-01  2.27807808e-04  6.33161867e-05  4.25076219e-04]
 [-4.27121362e-04  7.35736675e-03 -8.10308202e-02 -9.96684350e-01]
 [ 6.16571979e-05  1.44152349e-01  9.86386645e-01 -7.91295294e-02]]","[[ 2.23016571e-04  9.89524061e-01 -1.43113369e-01  1.89907085e-02]
 [-9.99999882e-01  2.26349768e-04  6.30812071e-05  4.24721721e-04]
 [-4.26745907e-04  7.41356816e-03 -8.09985474e-02 -9.96686557e-01]
 [ 6.12661167e-05  1.44177394e-01  9.86386230e-01 -7.90890661e-02]]","[[ 9.33964260e-05  9.89484942e-01 -1.43282828e-01  1.97375931e-02]
 [-9.99999898e-01  9.37792876e-05  5.62327786e-05  4.38777665e-04]
 [-4.41200134e-04  7.77351856e-03 -8.35842441e-02 -9.96470297e-01]
 [ 3.31974181e-05  1.44426846e-01  9.86145883e-01 -8.15915621e-02]]","[[-2.98611747e-01  9.50957158e-01  8.06912894e-02  6.51150718e-04]
 [ 6.96886262e-03  2.90934217e-03 -4.28093673e-04 -9.99971393e-01]
 [-7.02901095e-02  6.24050317e-02 -9.95572649e-01  1.17917199e-04]
 [ 9.51757196e-01  3.02948232e-01 -4.82061606e-02  7.53489752e-03]]","[[-2.95654366e-01 -9.51494475e-01  8.51242349e-02 -7.89930416e-04]
 [ 8.25202945e-03 -3.44277116e-03 -5.41919460e-04  9.99959878e-01]
 [-7.43674200e-02 -6.59128542e-02 -9.95050230e-01 -1.52483935e-04]
 [ 9.52360166e-01 -3.00502756e-01 -5.12699884e-02 -8.92160853e-03]]","[[-2.95239980e-01  9.52356673e-01  7.64811025e-02  8.72834033e-04]
 [ 9.06035478e-03  3.77109030e-03 -5.70757926e-04 -9.99951680e-01]
 [-6.95581150e-02  5.84113934e-02 -9.95866333e-01  1.58459699e-04]
 [ 9.52844653e-01  2.99316980e-01 -4.89955359e-02  9.79029962e-03]]","[[-2.96867776e-01  9.51958129e-01  7.51307369e-02  7.84872267e-04]
 [ 8.30649491e-03  3.45359887e-03 -4.91282749e-04 -9.99959416e-01]
 [-6.67227464e-02  5.78065947e-02 -9.96095605e-01  1.34778694e-04]
 [ 9.52548477e-01  3.00702828e-01 -4.63538181e-02  8.97398305e-03]]","[[-2.99406673e-01  9.51215163e-01  7.44627425e-02  8.11781858e-04]
 [ 8.24214985e-03  3.49030704e-03 -5.44286984e-04 -9.99959793e-01]
 [-7.19224166e-02  5.53201962e-02 -9.95874903e-01  1.42336606e-04]
 [ 9.51375256e-01  3.03508168e-01 -5.18476819e-02  8.92929315e-03]]","[[ 5.19637146e-03  9.63574891e-01 -2.67091091e-01  1.26006773e-02]
 [-9.96693446e-01  2.66432643e-02  7.67587694e-02  6.34279757e-04]
 [ 7.50003041e-06  1.40418302e-02  3.48583503e-03 -9.99895332e-01]
 [ 8.10874355e-02  2.65737453e-01  9.60603086e-01  7.08129340e-03]]","[[ 8.27247033e-03 -2.67455013e-01  9.63437722e-01 -1.36798522e-02]
 [-9.97704923e-01  6.25360074e-02  2.59421516e-02  1.06685558e-03]
 [ 3.24385551e-04 -1.59346303e-02  9.77020227e-03  9.99825247e-01]
 [ 6.72037695e-02  9.61406861e-01  2.66494472e-01  1.26963768e-02]]","[[-2.98614646e-01  9.51189104e-01  7.78974196e-02  7.57315379e-04]
 [ 7.94354459e-03  3.32846447e-03 -4.70531272e-04 -9.99962799e-01]
 [-6.75697832e-02  6.03451746e-02 -9.95887929e-01  1.32714535e-04]
 [ 9.51945648e-01  3.02632896e-01 -4.62493666e-02  8.59120692e-03]]","[[-2.97956527e-01  9.51112484e-01  8.12798622e-02  7.31323642e-04]
 [ 7.71090535e-03  3.22573110e-03 -4.82536867e-04 -9.99964951e-01]
 [-7.11760689e-02  6.27744165e-02 -9.95486475e-01  1.34025080e-04]
 [ 9.51890969e-01  3.02380572e-01 -4.89900936e-02  8.33927138e-03]]","[[ 0.00579874  0.25640674  0.96654246  0.00419963]
 [-0.99828965 -0.05441729  0.02045203 -0.00618388]
 [ 0.0049451   0.02228916 -0.00159872 -0.99973806]
 [ 0.05796281 -0.96477849  0.25568503 -0.0216319 ]]","[[ 0.00428548 -0.24265098  0.97001678  0.0130224 ]
 [-0.99614631  0.03877493  0.01305903  0.077579  ]
 [ 0.07687291 -0.01367392 -0.01714213  0.99679974]
 [ 0.04200864  0.96924199  0.24208068  0.01421929]]","[[ 0.00266789  0.25385854  0.96720563  0.00787381]
 [-0.99455625 -0.0306955   0.01160497 -0.09889883]
 [ 0.09866817  0.0109328   0.00495881 -0.99504798]
 [ 0.03339675 -0.96669235  0.25368091 -0.00604544]]","[[ 0.0064367   0.24634494  0.96906539  0.01360187]
 [-0.99830655 -0.04515368  0.01855346 -0.03163776]
 [ 0.0313115   0.01235091  0.01067963 -0.9993763 ]
 [ 0.04860238 -0.96805102  0.24587393 -0.00781352]]","[[ 1.90600955e-03  9.73978391e-01 -2.25460661e-01  2.30206692e-02]
 [-9.99804185e-01  6.31902446e-03  1.86928249e-02 -1.49692827e-03]
 [ 2.15376462e-04  7.18907151e-03 -7.07880092e-02 -9.97465452e-01]
 [ 1.96955149e-02  2.26438691e-01  9.71497363e-01 -6.73088359e-02]]","[[ 0.00562114  0.24895449  0.9684812   0.00584998]
 [-0.99674996 -0.0422586   0.01704933 -0.06643083]
 [ 0.06614135  0.00968531  0.00315326 -0.99775827]
 [ 0.04564263 -0.96754435  0.24848246 -0.00558109]]","[[-9.82444357e-01 -1.75812555e-01  6.23941215e-02  6.93110011e-05]
 [-2.82662391e-03  1.39659455e-02 -4.04379038e-03 -9.99890299e-01]
 [-1.46065276e-02 -2.60934451e-01 -9.65245964e-01  3.00376139e-04]
 [-1.85961677e-01  9.49109114e-01 -2.53753522e-01  1.48086005e-02]]","[[ 0.00489411  0.23796764  0.97124196 -0.00604255]
 [-0.99694671 -0.0410944   0.01468948 -0.06475133]
 [ 0.06488895 -0.0038811  -0.00558427 -0.99786932]
 [ 0.04315943 -0.97039558  0.23757546  0.00525128]]","[[-9.80781340e-01 -1.84436303e-01  6.36480875e-02  3.67614415e-04]
 [-1.81676836e-03  7.03067142e-03 -1.84667551e-03 -9.99971929e-01]
 [-1.78541673e-02 -2.40007937e-01 -9.70606717e-01  1.37419449e-04]
 [-1.94283021e-01  9.53063487e-01 -2.32095047e-01  7.48245774e-03]]","[[ 3.89297909e-04  9.96811477e-01  7.18491252e-02  3.47049158e-02]
 [-9.99714287e-01  2.27446576e-03 -2.27128918e-02 -7.09194884e-03]
 [ 4.93194108e-04  1.32869756e-02  2.79401745e-01 -9.60082225e-01]
 [ 2.38945515e-02  7.86458047e-02 -9.57212877e-01 -2.77466025e-01]]","[[ 0.001387    0.97459866 -0.22298175  0.02084865]
 [-0.9993998   0.00543381  0.01464225 -0.03092118]
 [ 0.03060716  0.01528794 -0.02640178 -0.99906578]
 [ 0.01616538  0.2233701   0.97435501 -0.02183546]]","[[-1.00000000e+00 -1.74233141e-05  6.87254239e-06  3.25145621e-08]
 [-2.81849435e-07  1.31233716e-02 -3.00983162e-03 -9.99909355e-01]
 [-3.11034723e-06 -2.07355370e-01 -9.78265660e-01  2.23233580e-04]
 [-1.84675681e-05  9.78177656e-01 -2.07333644e-01  1.34622485e-02]]","[[ 9.99922290e-01  1.16577430e-02  4.41698946e-03  3.07637113e-05]
 [ 1.83937517e-04 -1.20556024e-02 -2.85732134e-03 -9.99923229e-01]
 [ 1.81044472e-03  2.14759411e-01 -9.76665284e-01  2.01940999e-04]
 [ 1.23329709e-02 -9.76522992e-01 -2.14702699e-01  1.23892672e-02]]","[[ 2.82886497e-04  9.99925258e-01 -1.16270216e-02 -3.76973615e-03]
 [ 9.99902933e-01 -1.13394631e-04  1.36108452e-02  2.97614766e-03]
 [-4.14364004e-04  1.56062930e-03 -1.84454060e-01  9.82839810e-01]
 [-1.39238536e-02  1.21255987e-02  9.82678105e-01  1.84398587e-01]]","[[-2.48201309e-05 -9.99994236e-01 -3.23721493e-03 -1.02321756e-03]
 [-9.99912123e-01 -1.99192880e-05  1.30022769e-02  2.58591938e-03]
 [ 1.45607858e-04 -4.09149280e-04 -1.84278935e-01  9.82873891e-01]
 [ 1.32561217e-02 -3.37036360e-03  9.82782649e-01  1.84258461e-01]]","[[ 9.99996658e-01  1.98701092e-03  1.65426202e-03  2.60137219e-06]
 [ 1.67878809e-05 -5.23011574e-03 -2.29358947e-03 -9.99983692e-01]
 [ 1.24728352e-03  1.89701235e-01 -9.81840261e-01  1.25982055e-03]
 [ 2.26468628e-03 -9.81825921e-01 -1.89688440e-01  5.57025947e-03]]","[[ 9.99907309e-01  1.26179494e-02  5.11470497e-03  3.46456807e-05]
 [ 2.03458231e-04 -1.21420993e-02 -3.04768571e-03 -9.99921617e-01]
 [ 2.12905077e-03  2.26133575e-01 -9.74093950e-01  2.23446580e-04]
 [ 1.34461816e-02 -9.73938891e-01 -2.26065318e-01  1.25183557e-02]]","[[ 3.00316933e-05  9.99956343e-01 -8.69475416e-03  3.42223826e-03]
 [-9.99866760e-01  1.81069529e-04  1.58728606e-02 -3.80549532e-03]
 [ 2.78413137e-04  1.45834224e-03 -2.16538784e-01 -9.76272887e-01]
 [ 1.63212704e-02  9.22777429e-03  9.76106249e-01 -2.16483384e-01]]","[[ 9.99990304e-01  4.18852225e-03  1.35973485e-03 -7.54875933e-06]
 [ 4.06394827e-05 -1.06909084e-02 -2.50658063e-03 -9.99939708e-01]
 [ 5.39444791e-04  1.89934895e-01 -9.81796445e-01  4.30423253e-04]
 [ 4.37035494e-03 -9.81729543e-01 -1.89914741e-01  1.09724564e-02]]","[[-3.32753444e-06 -9.99999506e-01 -9.23726085e-04  3.66400572e-04]
 [ 9.99837339e-01 -2.10944718e-05  1.74939547e-02 -4.38821898e-03]
 [-3.23290049e-04 -1.48276711e-04 -2.25881996e-01 -9.74154607e-01]
 [-1.80330484e-02 -9.82394713e-04  9.73997142e-01 -2.25839349e-01]]","[[ 9.99997267e-01 -2.15649282e-03  9.03010342e-04 -6.95711268e-06]
 [ 3.64411407e-05  1.23552720e-02 -3.14552148e-03  9.99918723e-01]
 [ 3.88799879e-04 -2.27469962e-01 -9.73784987e-01 -2.52643034e-04]
 [ 2.30509090e-03  9.73704325e-01 -2.27446893e-01 -1.27469409e-02]]","[[-1.00000000e+00  3.21695894e-06  3.39081726e-07 -4.90254587e-09]
 [-5.04716284e-09 -1.61809821e-04  1.10862802e-03  9.99999372e-01]
 [-3.23346909e-06 -9.91104002e-01 -1.33089656e-01 -1.28234472e-05]
 [-9.20731077e-08 -1.33089559e-01  9.91103382e-01 -1.12030088e-03]]","[[ 1.00000000e+00  6.90768480e-08  7.58837978e-07 -1.64800035e-07]
 [ 7.01842455e-08 -9.99992365e-01 -6.22222912e-04  3.85775682e-03]
 [ 7.26331912e-07  4.78966982e-05 -9.89118545e-01 -1.47120701e-01]
 [ 2.74375409e-07  3.90732068e-03 -1.47119393e-01  9.89111024e-01]]","[[ 1.00000000e+00 -1.28827541e-07 -2.03015715e-05 -3.99462226e-06]
 [-8.21907559e-08 -9.99997456e-01  2.22766404e-03  3.53319073e-04]
 [ 1.02129267e-06  2.79501666e-05 -1.44396180e-01  9.89519956e-01]
 [ 2.06658563e-05  2.25533595e-03  9.89517448e-01  1.44395750e-01]]","[[ 1.00000000e+00  2.99294099e-07 -2.03021369e-06 -6.23697763e-07]
 [ 2.76902924e-07 -9.99943172e-01 -1.05502558e-02 -1.53101862e-03]
 [-3.49964225e-07  1.23342624e-04  1.32153649e-01 -9.91229236e-01]
 [-2.09790211e-06  1.06600516e-02 -9.91173095e-01 -1.32144838e-01]]","[[ 1.00000000e+00 -1.90066787e-08 -2.01893791e-06 -1.51103484e-07]
 [-1.95806039e-08 -9.99990511e-01 -6.07223987e-04  4.31387772e-03]
 [-2.02159274e-06  4.69408971e-05 -9.91682463e-01 -1.28708546e-01]
 [-1.09923634e-07  4.35615180e-03 -1.28707122e-01  9.91673082e-01]]","[[-1.00000000e+00 -7.09814080e-07  2.13161736e-07  7.87083949e-11]
 [-5.08338272e-10  5.74288511e-04 -1.03169637e-04 -9.99999830e-01]
 [-9.48455671e-08 -1.62685451e-01 -9.86677984e-01  8.36682528e-06]
 [-7.35036067e-07  9.86677817e-01 -1.62685419e-01  5.83422029e-04]]","[[ 1.00000000e+00  1.47146290e-06 -7.84566027e-06 -2.55971308e-06]
 [ 1.55274133e-06 -9.99951160e-01  9.59236561e-03  2.37989391e-03]
 [ 7.31428712e-07  1.64040085e-04 -2.24660417e-01  9.74437104e-01]
 [ 8.20522551e-06  9.88182494e-03  9.74389903e-01  2.24647871e-01]]","[[-1.00000000e+00  7.10711742e-09 -7.99337950e-08  6.33960488e-08]
 [ 6.77799725e-09  9.99993150e-01  3.65517199e-03 -5.82049869e-04]
 [-5.11360986e-08 -4.59037712e-05 -1.44998708e-01 -9.89431843e-01]
 [-8.83070771e-08 -3.70094004e-03  9.89425093e-01 -1.44997548e-01]]","[[ 1.00000000e+00 -2.56112064e-06 -4.74076646e-07 -9.31984353e-08]
 [-2.56110447e-06 -9.99994957e-01 -6.06025063e-04  3.11759843e-03]
 [-4.82949294e-07  4.92924689e-05 -9.84469012e-01 -1.75558427e-01]
 [ 1.66558766e-08  3.17557185e-03 -1.75557388e-01  9.84464077e-01]]","[[ 6.19006001e-06  9.99998958e-01 -1.28812900e-03  6.52295192e-04]
 [-9.99707948e-01  3.41540628e-05  2.38085931e-02  4.14346814e-03]
 [ 3.34020443e-04 -8.47421371e-04 -1.57824741e-01  9.87466719e-01]
 [ 2.41641676e-02  1.16855217e-03  9.87179235e-01  1.57771622e-01]]","[[ 1.00000000e+00 -3.61494530e-09 -9.93611193e-09  3.28404755e-09]
 [-3.61493515e-09 -1.00000000e+00  1.06521220e-06  1.32304340e-07]
 [-4.40972277e-09  8.38316338e-09 -1.15503441e-01  9.93307080e-01]
 [ 9.49029541e-09  1.07336443e-06  9.93307080e-01  1.15503441e-01]]","[[ 1.00000000e+00  8.33374886e-08  3.80856638e-07  1.74911071e-08]
 [ 8.33374832e-08 -1.00000000e+00 -2.05088270e-07  4.77651278e-06]
 [ 3.81096786e-07 -1.53309701e-07 -9.97190092e-01 -7.49127532e-02]
 [ 1.10886624e-08  4.77845495e-06 -7.49127532e-02  9.97190092e-01]]","[[ 9.99999999e-01  5.29985111e-08 -4.11108314e-05 -9.90907785e-07]
 [ 5.30544647e-08 -1.00000000e+00  1.31761927e-06  1.80155220e-06]
 [-4.11169716e-05 -1.39017255e-06 -9.99163943e-01 -4.08829172e-02]
 [-6.90651482e-07  1.74617785e-06 -4.08829172e-02  9.99163944e-01]]","[[-1.00000000e+00 -7.28845864e-07 -9.33102767e-08 -2.00318907e-09]
 [ 2.00789494e-09 -1.80339522e-06 -3.63462121e-05 -9.99999999e-01]
 [ 7.23886078e-07 -9.98978943e-01  4.51782262e-02  1.59496462e-07]
 [ 1.26142892e-07 -4.51782262e-02 -9.98978942e-01  3.63905747e-05]]","[[-3.97960224e-05 -9.99999999e-01 -1.16602924e-05 -1.75750438e-06]
 [-9.99999999e-01  3.97960240e-05  1.35583467e-07 -1.76553479e-06]
 [-1.77071884e-06 -7.75407769e-07 -8.36909032e-02  9.96491762e-01]
 [-1.31196519e-08 -1.17664720e-05  9.96491762e-01  8.36909032e-02]]","[[ 1.00000000e+00 -3.03806720e-07 -6.97803347e-06  3.59574669e-08]
 [-3.03804944e-07 -1.00000000e+00  2.54461673e-07  1.13700491e-08]
 [-6.96811678e-06 -2.54711650e-07 -9.98828240e-01 -4.83957381e-02]
 [-3.73622414e-07 -9.58020833e-10 -4.83957381e-02  9.98828240e-01]]","[[ 1.00000000e+00 -2.85106617e-09  1.67955435e-08  4.73998332e-09]
 [-2.85099319e-09 -1.00000000e+00 -4.24752142e-06 -3.46875915e-07]
 [ 3.47307478e-09  2.88565532e-08  7.46439237e-02 -9.97210251e-01]
 [ 1.71025112e-08  4.26156408e-06 -9.97210251e-01 -7.46439237e-02]]","[[ 1.00000000e+00  3.46220913e-08  1.30803018e-07  1.94882703e-08]
 [ 3.46220891e-08 -1.00000000e+00  1.71995679e-08  1.08251768e-09]
 [ 1.31609445e-07 -1.72321004e-08 -9.98766081e-01 -4.96620137e-02]
 [-1.29682821e-08  2.27016295e-10 -4.96620137e-02  9.98766081e-01]]","[[ 1.00000000e+00 -1.51838433e-05  1.88025733e-06 -5.46336650e-12]
 [ 1.81261197e-11  8.38312199e-07  3.51270230e-08  1.00000000e+00]
 [ 1.50729798e-05  9.98789576e-01  4.91872184e-02 -8.39025286e-07]
 [ 2.62483244e-06  4.91872184e-02 -9.98789576e-01 -6.14974087e-09]]","[[ 9.99999998e-01 -3.57166145e-05  5.58201505e-05 -1.31554662e-05]
 [-3.57166880e-05 -9.99999999e-01  2.93566699e-07 -4.33966004e-06]
 [ 5.48876558e-05 -2.34242936e-08 -9.98040647e-01 -6.25688667e-02]
 [ 1.66221382e-05 -4.35011895e-06 -6.25688658e-02  9.98040649e-01]]","[[ 1.00000000e+00 -4.44540651e-06 -2.24607364e-06  2.22140896e-07]
 [-4.44541026e-06 -1.00000000e+00 -1.37261344e-06  3.02437934e-06]
 [-2.24606786e-06  1.37262773e-06 -1.00000000e+00  1.42212592e-06]
 [-2.22124258e-07  3.02437838e-06  1.42213057e-06  1.00000000e+00]]","[[-1.00000000e+00 -4.25494013e-08  3.84881223e-07  3.86849394e-07]
 [-4.25494008e-08  1.00000000e+00 -1.69551108e-09  3.01701462e-09]
 [ 3.86916975e-07 -3.01670002e-09  1.75603485e-04  9.99999985e-01]
 [-3.84813285e-07 -1.69605671e-09 -9.99999985e-01  1.75603485e-04]]","[[ 1.00000000e+00  3.27646415e-09  9.62053982e-06 -9.04016274e-08]
 [ 3.27638215e-09 -1.00000000e+00  1.82504872e-10 -8.87672396e-07]
 [-9.04934698e-08  8.87672398e-07  9.54618840e-06 -1.00000000e+00]
 [ 9.62053896e-06 -1.73999610e-10 -1.00000000e+00 -9.54618927e-06]]","[[-1.00000000e+00  1.18601444e-06  5.02306292e-06 -1.82538245e-06]
 [ 1.18601217e-06  1.00000000e+00  7.66797376e-07  3.35038761e-06]
 [ 5.04305592e-06 -7.29487890e-07  9.99938132e-01 -1.11234972e-02]
 [-1.76939947e-06 -3.35870770e-06  1.11234972e-02  9.99938132e-01]]","[[ 1.00000000e+00 -1.41188527e-08  4.05037919e-09 -1.27841789e-10]
 [-1.41188527e-08 -1.00000000e+00 -7.67994788e-09  3.25088911e-08]
 [ 4.05037905e-09  7.67988565e-09 -1.00000000e+00 -1.91226543e-06]
 [ 1.27849993e-10  3.25089058e-08 -1.91226543e-06  1.00000000e+00]]","[[-9.99998523e-01 -4.87601025e-05 -1.59716840e-03 -6.32248928e-04]
 [-4.85638386e-05  9.99999951e-01  6.33494007e-09 -3.10547453e-04]
 [-6.31910541e-04  3.10516697e-04 -2.21822873e-04  9.99999728e-01]
 [-1.59730829e-03 -1.53333481e-08  9.99998700e-01  2.20813293e-04]]","[[ 1.00000000e+00 -1.57678608e-06  4.52058401e-07  7.62358903e-07]
 [-1.57678558e-06 -1.00000000e+00  2.12796888e-11 -6.63523997e-07]
 [ 7.62343145e-07  6.63522795e-07  3.71715319e-05 -9.99999999e-01]
 [ 4.52086739e-07  2.67165242e-12 -9.99999999e-01 -3.71715316e-05]]","[[ 1.00000000e+00 -2.52719142e-08  9.49830735e-07  6.29592181e-09]
 [-2.52719143e-08 -1.00000000e+00 -1.76952889e-11  1.64451659e-08]
 [-4.86840691e-09  1.64451739e-08 -1.50290711e-03  9.99998871e-01]
 [-9.49839124e-07  7.04372338e-12  9.99998871e-01  1.50290711e-03]]","[[-1.00000000e+00 -2.44436725e-10 -6.60288373e-10 -5.27437069e-10]
 [-2.44436696e-10  1.00000000e+00 -4.30500282e-08  6.37093508e-10]
 [-5.27706237e-10 -6.19541367e-10  4.07718009e-04  9.99999917e-01]
 [ 6.60073283e-10 -4.30502844e-08 -9.99999917e-01  4.07718009e-04]]","[[ 1.00000000e+00 -1.32371936e-06 -1.10848763e-05  4.45010397e-07]
 [-1.32373889e-06 -1.00000000e+00 -1.90866610e-06 -3.65337208e-06]
 [-1.10848721e-05  1.90869433e-06 -1.00000000e+00 -3.71210024e-06]
 [-4.45056382e-07 -3.65336440e-06 -3.71210228e-06  1.00000000e+00]]","[[ 2.64222453e-02 -9.85391006e-01 -1.68243620e-01  7.17560918e-04]
 [-5.56953261e-04 -2.34303761e-03  9.37072620e-03 -9.99953194e-01]
 [ 5.17579495e-02  1.69410537e-01 -9.84138250e-01 -9.64830371e-03]
 [-9.98309907e-01 -1.72958274e-02 -5.54813398e-02  7.66398747e-05]]","[[ 1.00000000e+00 -7.82266382e-08  1.23527991e-08 -1.14381397e-09]
 [-7.82266388e-08 -1.00000000e+00  4.08858831e-08 -3.00486868e-08]
 [ 1.23527957e-08 -4.08858784e-08 -1.00000000e+00 -1.87474819e-07]
 [ 1.14381394e-09 -3.00486945e-08 -1.87474818e-07  1.00000000e+00]]","[[ 1.00000000e+00  1.03165543e-06  1.25799847e-07 -1.18165920e-09]
 [-1.25799789e-07 -5.66604563e-08  1.00000000e+00  9.10420560e-11]
 [ 1.15514376e-09  2.57018506e-05 -8.95858585e-11  1.00000000e+00]
 [ 1.03165547e-06 -1.00000000e+00 -5.66603290e-08  2.57018506e-05]]","[[ 1.00000000e+00  4.69753326e-08 -6.94132049e-07 -4.06378630e-08]
 [ 4.69753657e-08 -1.00000000e+00  4.77266884e-08  2.12205764e-10]
 [-6.94366772e-07 -4.77271287e-08 -9.99981437e-01 -6.09309905e-03]
 [ 3.64076933e-08 -7.85998972e-11 -6.09309905e-03  9.99981437e-01]]","[[-1.00000000e+00  6.47939384e-07 -3.15805755e-06 -5.60867072e-09]
 [-5.60867745e-09 -3.39909487e-08 -4.84109535e-09  1.00000000e+00]
 [ 3.15878804e-06  1.13051581e-03 -9.99999361e-01 -4.80264763e-09]
 [-6.44368736e-07 -9.99999361e-01 -1.13051581e-03 -3.39964036e-08]]","[[ 1.00000000e+00  1.02164393e-05 -3.73181612e-07 -6.89316999e-08]
 [ 1.02164466e-05 -9.99999996e-01  4.06159370e-06  8.42195777e-05]
 [-6.80701056e-08 -8.42195657e-05  3.13508184e-06 -9.99999996e-01]
 [-3.73140330e-07 -4.06186154e-06 -1.00000000e+00 -3.13473973e-06]]","[[ 1.30373573e-03  9.99998199e-01  1.37716510e-03  7.87400269e-05]
 [ 9.99962048e-01 -1.30124671e-03 -1.28610755e-03 -8.51793861e-03]
 [-8.49591875e-03  6.74989022e-05  1.61959586e-02 -9.99832739e-01]
 [-1.42205187e-03  1.38011284e-03 -9.99867061e-01 -1.61843378e-02]]","[[-9.99999946e-01  1.69998839e-04  2.80245310e-04  8.74977506e-10]
 [ 1.69947395e-04  9.99999968e-01 -1.83581977e-04 -2.94576285e-05]
 [ 2.80276509e-04  1.83533488e-04  9.99999943e-01 -2.89279094e-05]
 [ 1.39890381e-08  2.94629367e-05  2.89224996e-05  9.99999999e-01]]","[[-1.00000000e+00 -1.17833591e-06 -1.91614654e-06  3.19111237e-09]
 [-1.17833585e-06  1.00000000e+00 -2.96265331e-08  1.37940904e-07]
 [-3.17399264e-09  1.37940633e-07 -9.01928029e-06 -1.00000000e+00]
 [-1.91614660e-06  2.96255192e-08  1.00000000e+00 -9.01928028e-06]]","[[ 1.00000000e+00 -1.09374462e-06 -1.56682489e-07 -5.52156865e-10]
 [-1.09374431e-06 -1.00000000e+00  1.97524486e-06 -3.26170212e-07]
 [-1.56685562e-07 -1.97379478e-06 -9.99990377e-01 -4.38698523e-03]
 [-1.35578432e-10 -3.34832443e-07 -4.38698523e-03  9.99990377e-01]]","[[-9.99999999e-01 -2.15807317e-05 -4.03281172e-05 -8.68403528e-08]
 [ 8.67925705e-08 -1.68715735e-07  1.27512566e-06 -1.00000000e+00]
 [ 4.03573656e-05 -1.35701772e-03 -9.99999078e-01 -1.27489203e-06]
 [-2.15259859e-05  9.99999079e-01 -1.35701859e-03 -1.70447817e-07]]","[[ 1.00000000e+00  1.08981312e-07 -2.45430004e-07 -2.65193394e-08]
 [ 1.08981316e-07 -1.00000000e+00 -4.22864757e-11  1.59577708e-07]
 [-2.45432070e-07  2.98247003e-11 -9.99999997e-01 -7.79224915e-05]
 [ 2.65001974e-08  1.59577714e-07 -7.79224915e-05  9.99999997e-01]]","[[ 1.00000000e+00 -4.32184234e-06 -4.09951580e-06 -1.12245475e-07]
 [-4.32183245e-06 -1.00000000e+00  2.39497017e-06  6.59161992e-07]
 [-4.09952669e-06 -2.39495564e-06 -1.00000000e+00 -4.83583033e-06]
 [ 1.12228499e-07  6.59149925e-07 -4.83583237e-06  1.00000000e+00]]","[[-1.00000000e+00 -2.11400911e-07  5.43912907e-08  6.06137183e-08]
 [-2.11400903e-07  1.00000000e+00  1.27415612e-07  1.08301050e-08]
 [ 6.06139127e-08 -1.08305421e-08  3.53269402e-06  1.00000000e+00]
 [-5.43911035e-08  1.27415562e-07 -1.00000000e+00  3.53269402e-06]]","[[ 1.00000000e+00 -1.11321580e-08  6.35521925e-08  3.44856587e-09]
 [-1.11321562e-08 -1.00000000e+00 -2.53936021e-08 -4.11488734e-08]
 [ 6.35521927e-08  2.53936008e-08 -1.00000000e+00  2.09541236e-08]
 [-3.44856766e-09 -4.11488740e-08  2.09541224e-08  1.00000000e+00]]","[[-1.00000000e+00  4.96314202e-07 -2.74456884e-09 -7.40222574e-10]
 [-2.74457804e-09 -1.99977316e-08  1.00000000e+00 -9.69017278e-07]
 [-6.96769264e-10  8.75573716e-05  9.69019025e-07  9.99999996e-01]
 [-4.96314265e-07 -9.99999996e-01 -1.99128883e-08  8.75573716e-05]]","[[-9.99999998e-01  1.05366516e-05 -6.56843404e-05 -5.69869977e-10]
 [ 1.05398404e-05  9.99999998e-01 -4.85461655e-05 -3.50995557e-05]
 [-6.56838288e-05  4.85472338e-05  9.99999997e-01  1.07150287e-05]
 [ 5.03877848e-10  3.50990355e-05 -1.07167326e-05  9.99999999e-01]]","[[ 1.00000000e+00  1.86545794e-05  2.24344290e-05  2.67845635e-06]
 [ 1.86546652e-05 -1.00000000e+00 -4.38256029e-06  4.66913276e-06]
 [ 2.67563914e-06 -4.66965016e-06  1.29457247e-04 -9.99999992e-01]
 [ 2.24346939e-05  4.38237431e-06 -9.99999991e-01 -1.29457207e-04]]","[[ 1.00000000e+00  2.82168278e-07 -2.49626674e-08 -5.48001260e-11]
 [-5.47961873e-11 -1.40402733e-08 -9.20302292e-10 -1.00000000e+00]
 [ 2.49626401e-08  9.68584628e-08  1.00000000e+00 -9.20303702e-10]
 [ 2.82168281e-07 -1.00000000e+00  9.68584558e-08  1.40402731e-08]]","[[ 1.00000000e+00  9.78522795e-07 -2.19931555e-05 -2.38927642e-08]
 [ 9.78536193e-07 -1.00000000e+00  6.07909586e-07  1.15537835e-06]
 [-2.19931556e-05 -6.07964156e-07 -9.99999999e-01 -2.86056745e-05]
 [ 2.32625046e-08  1.15536099e-06 -2.86056757e-05  1.00000000e+00]]","[[ 9.99999847e-01 -5.51694303e-04 -2.75231728e-05 -4.53806600e-07]
 [-5.51694958e-04 -9.99999642e-01 -3.84572142e-05  6.40202887e-04]
 [-8.07002243e-07 -6.40202540e-04  1.75199840e-08 -9.99999795e-01]
 [-2.75019520e-05  3.84723737e-05 -9.99999999e-01 -4.21279093e-08]]","[[ 1.00000000e+00  4.58232295e-09 -1.81211685e-08  2.83901843e-09]
 [-2.83901828e-09  8.31949981e-10  8.35756792e-09  1.00000000e+00]
 [-1.81222421e-08  2.34396460e-04 -9.99999973e-01  8.35737332e-09]
 [ 4.57807528e-09 -9.99999973e-01 -2.34396460e-04  8.33908856e-10]]","[[-1.00000000e+00  1.51113057e-07  1.19507742e-07 -3.02494385e-08]
 [ 1.51113058e-07  1.00000000e+00  2.56108992e-10 -1.15904326e-08]
 [ 1.19514412e-07 -2.58683759e-10  9.99999976e-01 -2.20571874e-04]
 [-3.02230760e-08  1.15903804e-08  2.20571874e-04  9.99999976e-01]]","[[-9.99999917e-01  9.77825552e-05  3.95288384e-04 -8.63914086e-08]
 [ 9.70658373e-05  9.99998349e-01 -1.81274665e-03  7.93116807e-05]
 [ 3.95464992e-04  1.81271225e-03  9.99998277e-01 -5.19156293e-05]
 [-7.35590426e-08 -7.92174336e-05  5.20593463e-05  9.99999996e-01]]","[[-9.99999525e-01 -2.72880817e-04 -8.99396341e-04 -2.59406507e-04]
 [-2.72877292e-04  9.99999961e-01  1.48678200e-05 -6.55969428e-05]
 [-2.59385447e-04  6.55268082e-05 -4.34229732e-05  9.99999963e-01]
 [-8.99403485e-04 -1.51104082e-05  9.99999594e-01  4.31906551e-05]]","[[ 1.00000000e+00 -1.04469179e-07  4.57005917e-09  1.72856715e-08]
 [-1.04469179e-07 -1.00000000e+00 -1.61943731e-08  1.95065452e-08]
 [ 1.72856173e-08 -1.95067317e-08  1.14102982e-05 -1.00000000e+00]
 [ 4.57025810e-09  1.61941501e-08 -1.00000000e+00 -1.14102982e-05]]","[[-1.00000000e+00  2.81668995e-07  1.37665360e-07  2.87146431e-07]
 [ 2.81669002e-07  1.00000000e+00 -3.11013130e-07  1.75022633e-07]
 [ 2.87147835e-07 -1.75019428e-07  1.05617015e-05  1.00000000e+00]
 [-1.37662414e-07 -3.11014940e-07 -1.00000000e+00  1.05617015e-05]]","[[-1.00000000e+00 -1.71151668e-07  3.38215708e-07  4.42733003e-08]
 [ 4.42733982e-08 -2.56234436e-07  1.59939502e-07  1.00000000e+00]
 [-3.38317476e-07  5.94997175e-04 -9.99999823e-01  1.60091947e-07]
 [ 1.70950389e-07 -9.99999823e-01 -5.94997175e-04 -2.56139235e-07]]","[[ 1.00000000e+00  2.08968604e-09 -3.21136612e-10 -6.02294875e-12]
 [ 2.08968604e-09 -1.00000000e+00 -2.56953654e-10  1.38850171e-13]
 [-3.21136614e-10  2.56953672e-10 -1.00000000e+00 -2.56714564e-07]
 [ 6.02286631e-12  1.38916631e-13 -2.56714564e-07  1.00000000e+00]]","[[-9.99999999e-01  4.39691979e-05 -2.43609325e-06  6.23112307e-09]
 [ 4.39691982e-05  9.99999999e-01 -1.11421396e-07 -3.92165086e-07]
 [-6.24774931e-09 -3.92164840e-07 -2.53248019e-07 -1.00000000e+00]
 [-2.43608835e-06  1.11528410e-07  1.00000000e+00 -2.53248048e-07]]","[[-1.00000000e+00  2.85964129e-08  1.14888410e-08 -1.06109618e-08]
 [-1.14888411e-08 -5.17463827e-09 -1.00000000e+00 -1.78481261e-09]
 [ 1.06110036e-08  1.46281787e-06  1.78480478e-09 -1.00000000e+00]
 [-2.85963973e-08 -1.00000000e+00  5.17464186e-09 -1.46281787e-06]]","[[ 1.00000000e+00 -5.29724467e-08  3.67154002e-07  2.09488753e-08]
 [-5.29724498e-08 -1.00000000e+00  8.67454627e-09 -3.05610578e-09]
 [ 3.67154011e-07 -8.67456488e-09 -1.00000000e+00 -4.61650685e-07]
 [-2.09487059e-08 -3.05610864e-09 -4.61650693e-07  1.00000000e+00]]","[[ 9.99999993e-01 -3.70742474e-05 -1.14499148e-04  7.43434689e-07]
 [-3.70742470e-05 -9.99999999e-01  2.91068556e-09 -4.14765259e-07]
 [-1.14499148e-04  1.33427019e-09 -9.99999993e-01  3.41800969e-08]
 [-7.43446147e-07 -4.14737696e-07  3.42652205e-08  1.00000000e+00]]","[[ 1.00000000e+00  1.41002468e-08 -7.43450360e-08 -5.25129888e-09]
 [ 1.41002462e-08 -1.00000000e+00 -8.73127090e-09  9.34919452e-09]
 [-7.43450365e-08  8.73126962e-09 -1.00000000e+00 -7.96486228e-08]
 [ 5.25129283e-09  9.34919538e-09 -7.96486234e-08  1.00000000e+00]]","[[-1.00000000e+00 -2.86453022e-05  3.91905546e-06 -1.25385126e-06]
 [ 3.91910448e-06 -1.62326096e-07  9.99999999e-01 -3.53830446e-05]
 [ 1.55531596e-06 -1.05313218e-02 -3.53827980e-05 -9.99944543e-01]
 [-2.86305097e-05  9.99944544e-01 -2.10200929e-07 -1.05313218e-02]]","[[-9.99989422e-01 -5.91502164e-04  4.53323923e-03 -5.04783299e-04]
 [-6.21421135e-04  9.99978149e-01 -6.57812685e-03  2.08207953e-04]
 [ 4.52927495e-03  6.58088565e-03  9.99968087e-01 -4.96993775e-05]
 [-5.04423548e-04 -2.08174949e-04  5.33557212e-05  9.99999850e-01]]","[[ 1.00000000e+00  1.40165508e-07 -1.91086748e-07 -7.64911034e-08]
 [ 1.40165490e-07 -1.00000000e+00 -8.24384923e-08 -2.33311961e-08]
 [-7.64911067e-08  2.33311855e-08  2.29653962e-11 -1.00000000e+00]
 [-1.91086759e-07  8.24384655e-08 -1.00000000e+00 -2.29488837e-11]]","[[-1.00000000e+00  1.14259172e-06 -1.82004282e-06  3.80638140e-06]
 [ 1.14259873e-06  1.00000000e+00  3.90200306e-07  2.02897966e-06]
 [-3.80637908e-06  2.02898401e-06 -1.46479551e-10 -1.00000000e+00]
 [-1.82004326e-06 -3.90198226e-07  1.00000000e+00 -1.40343536e-10]]","[[ 9.99999999e-01 -2.33402762e-05 -4.42532088e-05 -9.13514125e-07]
 [-2.33402952e-05 -1.00000000e+00 -6.25873057e-07  9.55530632e-06]
 [ 9.13715366e-07  9.55528530e-06 -4.92239555e-07  1.00000000e+00]
 [ 4.42531947e-05 -6.26901236e-07  9.99999999e-01  4.92205110e-07]]","[[-1.00000000e+00  1.11178702e-08 -3.08764494e-08 -2.88847921e-08]
 [ 1.11178708e-08  1.00000000e+00 -1.53218592e-09 -1.97903860e-08]
 [ 2.89478091e-08 -1.97934748e-08 -2.04289990e-03 -9.99997913e-01]
 [-3.08173762e-08  1.49175278e-09  9.99997913e-01 -2.04289990e-03]]"
